pure monte carlo  0.0033 s per move

scores: 36900, 72780, 36952, 36984, 36588, 36140, 81168, 36916, 36952, 37224, 61364, 37676, 78008, 36860, 61372, 61640, 61592, 36812, 82140, 36924, 36840, 36968, 80284, 61576, 73544, 73008, 37016, 37228, 80504, 60652, 37076, 35180, 36984, 36940, 77932, 36780, 72808, 16848, 32796, 36872, 61560, 72928, 57744, 57740, 61760, 32928, 36952, 79596, 37048, 36952, 35416, 61392, 36964, 36996, 61336, 61660, 35400, 27728, 61800, 79480, 36756, 78024, 61012, 82444, 62004, 72868, 37660, 37176, 61436, 37244, 36936, 36632, 16404, 73288, 37016, 36580, 36980, 72888, 37220, 37048, 77336, 61016, 37032, 59144, 37028, 77932, 72812, 61108, 71056, 16428, 78052, 61516, 78628, 36716, 80480, 72480, 81988, 82184, 37024, 61784,
max tiles: 2048, 4096, 2048, 2048, 2048, 2048, 4096, 2048, 2048, 2048, 4096, 2048, 4096, 2048, 4096, 4096, 4096, 2048, 4096, 2048, 2048, 2048, 4096, 4096, 4096, 4096, 2048, 2048, 4096, 4096, 2048, 2048, 2048, 2048, 4096, 2048, 4096, 1024, 2048, 2048, 4096, 4096, 4096, 4096, 4096, 2048, 2048, 4096, 2048, 2048, 2048, 4096, 2048, 2048, 4096, 4096, 2048, 2048, 4096, 4096, 2048, 4096, 4096, 4096, 4096, 4096, 2048, 2048, 4096, 2048, 2048, 2048, 1024, 4096, 2048, 2048, 2048, 4096, 2048, 2048, 4096, 4096, 2048, 4096, 2048, 4096, 4096, 4096, 4096, 1024, 4096, 4096, 4096, 2048, 4096, 4096, 4096, 4096, 2048, 4096,
mean score: 52635.7
std score: 18677

greedy pure monte carlo 0.0033s per move
scores: 37060, 72636, 81008, 37060, 36972, 72856, 37016, 36988, 61624, 72124, 81292, 61452, 36172, 81272, 36744, 59676, 36988, 37096, 68760, 37064, 57624, 59784, 81768, 61324, 36940, 72780, 36932, 37016, 62072, 7292, 72912, 61592, 61516, 36844, 37064, 72764, 61288, 36972, 37148, 71004, 61832, 78008, 36896, 37084, 36916, 16504, 36824, 61788, 57372, 61656, 72872, 37168, 37004, 68804, 37264, 37028, 32920, 37132, 36904, 81004, 61452, 36732, 81432, 36888, 81960, 16400, 36936, 77980, 72780, 61788, 80204, 72028, 61528, 36504, 16412, 81076, 72892, 72888, 72908, 81968, 77988, 36968, 37000, 32840, 77920, 37128, 61468, 37020, 61544, 78028, 36348, 81836, 35824, 77928, 28088, 77992, 36924, 72768, 37332, 36840,
max tiles: 2048, 4096, 4096, 2048, 2048, 4096, 2048, 2048, 4096, 4096, 4096, 4096, 2048, 4096, 2048, 4096, 2048, 2048, 4096, 2048, 4096, 4096, 4096, 4096, 2048, 4096, 2048, 2048, 4096, 512, 4096, 4096, 4096, 2048, 2048, 4096, 4096, 2048, 2048, 4096, 4096, 4096, 2048, 2048, 2048, 1024, 2048, 4096, 4096, 4096, 4096, 2048, 2048, 4096, 2048, 2048, 2048, 2048, 2048, 4096, 4096, 2048, 4096, 2048, 4096, 1024, 2048, 4096, 4096, 4096, 4096, 4096, 4096, 2048, 1024, 4096, 4096, 4096, 4096, 4096, 4096, 2048, 2048, 2048, 4096, 2048, 4096, 2048, 4096, 4096, 2048, 4096, 2048, 4096, 2048, 4096, 2048, 4096, 2048, 2048,
mean score: 53800.2
std score: 19528.2

